1.000e+00	mua, absorption coefficient [1/cm]
100.0000	mus, scattering coefficient [1/cm]
0.9000	g, anisotropy [-]
1.4000	n1, refractive index of tissue
1.0000	n2, refractive index of outside medium
0	mcflag
0.0000	radius, radius of flat beam or 1/e radius of Gaussian beam [cm]
0.1000	waist, 1/e waist of focus [cm]
0.0000	xs, x position of isotropic source [cm]
0.0000	ys, y
0.0000	zs, z
64	NR
64	NZ
0.04688	dr
0.04688	dz
1.0e+03	Nphotons
2.777778e-02	Specular reflectance
7.526770e-01	Absorbed fraction
2.195448e-01	Escaping fraction
0.0	0.03125	0.07292	0.11875	0.16518	0.21181	0.25852	0.30529	0.35208	0.39890	0.44572	0.49256	0.53940	0.58625	0.63310	0.67996	0.72681	0.77367	0.82054	0.86740	0.91426	0.96113	1.00799	1.05486	1.10173	1.14860	1.19547	1.24233	1.28920	1.33607	1.38294	1.42982	1.47669	1.52356	1.57043	1.61730	1.66417	1.71104	1.75792	1.80479	1.85166	1.89853	1.94541	1.99228	2.03915	2.08603	2.13290	2.17977	2.22664	2.27352	2.32039	2.36726	2.41414	2.46101	2.50789	2.55476	2.60163	2.64851	2.69538	2.74225	2.78913	2.83600	2.88288	2.92975	2.97662
0.0	2.950875154769e+00	1.663587026570e+00	8.837757775478e-01	5.382693561960e-01	4.066140830287e-01	3.002479580732e-01	2.033900235646e-01	1.311923251819e-01	5.920905819237e-02	3.274887705666e-02	2.878303507547e-02	2.965959780794e-02	1.208455984991e-02	1.056690953447e-02	3.739179305260e-03	5.811918821397e-03	1.986096662862e-03	1.601154241106e-03	5.967680990089e-04	1.197020278717e-03	1.222524655276e-03	4.094795909528e-04	1.980441906493e-04	3.604964137372e-04	3.246086713321e-06	1.975878479033e-04	1.159496087820e-05	6.610753765725e-05	1.897776128379e-05	1.806819107431e-05	1.533498047430e-04	3.402960132154e-06	4.580252165595e-06	0.000000000000e+00	0.000000000000e+00	2.772102943476e-07	2.369010487963e-07	7.198265276125e-07	1.256020659095e-06	0.000000000000e+00	0.000000000000e+00	0.000000000000e+00	0.000000000000e+00	0.000000000000e+00	0.000000000000e+00	0.000000000000e+00	0.000000000000e+00	0.000000000000e+00	0.000000000000e+00	0.000000000000e+00	0.000000000000e+00	0.000000000000e+00	0.000000000000e+00	0.000000000000e+00	0.000000000000e+00	0.000000000000e+00	0.000000000000e+00	0.000000000000e+00	0.000000000000e+00	0.000000000000e+00	0.000000000000e+00	0.000000000000e+00	0.000000000000e+00	0.000000000000e+00
0.02344	 8.207648e+01	 7.981080e+00	 4.972565e+00	 2.721305e+00	 1.735236e+00	 1.050744e+00	 6.564148e-01	 4.180705e-01	 3.146218e-01	 1.567887e-01	 1.371914e-01	 6.698702e-02	 5.127933e-02	 4.569257e-02	 2.589801e-02	 2.475675e-02	 1.182101e-02	 5.229440e-03	 6.473193e-03	 3.709436e-03	 3.203677e-03	 3.486720e-03	 1.538851e-03	 8.883604e-04	 9.067960e-04	 3.611185e-04	 2.784615e-04	 1.745733e-04	 5.226645e-05	 1.333309e-04	 6.632568e-05	 5.943241e-06	 2.960773e-06	 0.000000e+00	 1.087459e-05	 2.421885e-05	 1.531379e-07	 9.058649e-06	 1.473208e-06	 7.973080e-07	 0.000000e+00	 1.209272e-06	 0.000000e+00	 0.000000e+00	 4.645309e-07	 7.347508e-07	 1.395473e-07	 0.000000e+00	 6.407266e-07	 0.000000e+00	 0.000000e+00	 0.000000e+00	 0.000000e+00	 0.000000e+00	 0.000000e+00	 0.000000e+00	 0.000000e+00	 0.000000e+00	 0.000000e+00	 0.000000e+00	 0.000000e+00	 0.000000e+00	 0.000000e+00	 0.000000e+00
0.07031	 1.101821e+02	 2.827069e+01	 1.112848e+01	 6.605286e+00	 3.691996e+00	 2.107343e+00	 1.517594e+00	 9.182384e-01	 6.776805e-01	 4.430879e-01	 2.522490e-01	 1.938581e-01	 1.417276e-01	 1.041690e-01	 5.744591e-02	 5.296645e-02	 3.026273e-02	 1.731094e-02	 1.433436e-02	 1.112778e-02	 8.077682e-03	 7.077863e-03	 3.024548e-03	 4.094368e-03	 1.714535e-03	 9.211150e-04	 5.591771e-04	 3.137240e-04	 1.026298e-04	 1.486435e-04	 2.280040e-04	 7.438913e-05	 1.191114e-04	 4.072983e-05	 4.413047e-05	 2.316991e-05	 5.280147e-05	 2.797460e-05	 3.531347e-05	 8.848206e-07	 2.169784e-06	 1.062297e-06	 1.099890e-06	 0.000000e+00	 3.178940e-07	 2.755106e-07	 8.966729e-07	 6.587099e-07	 1.111311e-06	 2.331851e-06	 0.000000e+00	 0.000000e+00	 0.000000e+00	 0.000000e+00	 0.000000e+00	 0.000000e+00	 0.000000e+00	 0.000000e+00	 0.000000e+00	 0.000000e+00	 0.000000e+00	 0.000000e+00	 0.000000e+00	 0.000000e+00
0.11719	 3.241102e+01	 2.829278e+01	 1.305228e+01	 6.364625e+00	 4.220687e+00	 2.091296e+00	 1.569885e+00	 9.820090e-01	 7.009316e-01	 4.731690e-01	 2.972194e-01	 1.719849e-01	 1.339335e-01	 9.789481e-02	 6.184603e-02	 5.790445e-02	 3.663805e-02	 2.824343e-02	 1.439513e-02	 8.246507e-03	 7.423729e-03	 5.426671e-03	 2.907406e-03	 3.677232e-03	 1.952009e-03	 1.008389e-03	 4.643006e-04	 5.851342e-04	 5.526655e-04	 6.225539e-04	 1.474176e-04	 2.747766e-05	 6.146130e-06	 7.440905e-05	 6.471549e-06	 3.123722e-05	 1.010601e-05	 5.377407e-05	 2.100307e-05	 5.316404e-06	 2.379935e-06	 6.794878e-07	 4.101953e-06	 0.000000e+00	 1.134272e-07	 2.893263e-07	 2.625578e-07	 1.142988e-06	 5.895705e-07	 1.323525e-06	 5.093508e-07	 0.000000e+00	 0.000000e+00	 0.000000e+00	 0.000000e+00	 0.000000e+00	 0.000000e+00	 0.000000e+00	 0.000000e+00	 0.000000e+00	 0.000000e+00	 0.000000e+00	 0.000000e+00	 0.000000e+00
0.16406	 1.135264e+01	 1.774326e+01	 9.779040e+00	 5.973389e+00	 3.604024e+00	 2.552845e+00	 1.740440e+00	 1.062680e+00	 5.952961e-01	 4.071220e-01	 2.990016e-01	 2.230074e-01	 1.608318e-01	 1.128325e-01	 7.024282e-02	 5.675449e-02	 2.954276e-02	 2.633489e-02	 1.370069e-02	 1.063428e-02	 1.239648e-02	 9.269615e-03	 5.022252e-03	 3.444709e-03	 2.609495e-03	 1.110390e-03	 1.119240e-03	 6.614993e-04	 5.612837e-04	 2.062047e-04	 3.996244e-05	 2.749407e-05	 6.183208e-05	 5.761474e-05	 4.894758e-05	 5.099469e-05	 4.177026e-05	 4.107101e-05	 4.516532e-05	 3.316459e-06	 2.817146e-06	 8.693346e-07	 3.409640e-06	 0.000000e+00	 5.371657e-07	 7.910102e-08	 9.216477e-07	 6.054008e-07	 3.030296e-07	 2.057058e-06	 2.645684e-07	 2.372144e-07	 0.000000e+00	 0.000000e+00	 0.000000e+00	 0.000000e+00	 0.000000e+00	 0.000000e+00	 0.000000e+00	 0.000000e+00	 0.000000e+00	 0.000000e+00	 0.000000e+00	 0.000000e+00
0.21094	 4.815849e+00	 1.010534e+01	 6.780326e+00	 4.664060e+00	 3.357836e+00	 1.973923e+00	 1.653918e+00	 1.098758e+00	 5.629470e-01	 3.860285e-01	 3.374442e-01	 2.509276e-01	 1.651867e-01	 1.066479e-01	 1.012520e-01	 5.766475e-02	 3.041233e-02	 1.714742e-02	 1.913024e-02	 6.764559e-03	 8.559561e-03	 5.352915e-03	 3.455246e-03	 4.161980e-03	 2.731378e-03	 1.215003e-03	 1.194658e-03	 6.534860e-04	 2.954340e-04	 2.117947e-04	 8.962007e-06	 3.704213e-05	 9.152710e-05	 8.577986e-05	 2.901241e-05	 1.953099e-05	 1.431100e-05	 2.054890e-06	 1.359989e-05	 8.898220e-06	 4.137323e-06	 3.193419e-06	 5.751942e-06	 1.969836e-06	 3.572369e-07	 9.193726e-07	 9.225487e-07	 3.708380e-06	 9.839202e-07	 1.636663e-06	 2.133774e-06	 2.518078e-07	 0.000000e+00	 0.000000e+00	 0.000000e+00	 0.000000e+00	 0.000000e+00	 0.000000e+00	 0.000000e+00	 0.000000e+00	 0.000000e+00	 0.000000e+00	 0.000000e+00	 0.000000e+00
0.25781	 3.260913e+00	 5.069216e+00	 5.029509e+00	 3.909714e+00	 2.624494e+00	 1.973602e+00	 1.386646e+00	 8.180256e-01	 5.535817e-01	 4.018229e-01	 3.069158e-01	 2.406101e-01	 1.320808e-01	 9.154862e-02	 7.324673e-02	 4.567777e-02	 3.769431e-02	 2.858258e-02	 1.680250e-02	 9.684766e-03	 6.338351e-03	 4.752057e-03	 4.402974e-03	 3.482882e-03	 1.614555e-03	 2.090546e-03	 2.096427e-03	 6.941847e-04	 2.398268e-04	 1.575189e-04	 1.708892e-04	 3.035827e-04	 6.055177e-05	 1.756489e-05	 1.133307e-05	 2.567925e-05	 6.035143e-05	 7.190243e-06	 7.536050e-06	 2.329993e-05	 7.086638e-06	 3.907707e-06	 1.823638e-06	 0.000000e+00	 2.541729e-06	 5.369019e-07	 4.665016e-06	 4.412229e-07	 0.000000e+00	 1.243422e-06	 9.851039e-07	 0.000000e+00	 0.000000e+00	 0.000000e+00	 0.000000e+00	 0.000000e+00	 0.000000e+00	 0.000000e+00	 0.000000e+00	 0.000000e+00	 0.000000e+00	 0.000000e+00	 0.000000e+00	 0.000000e+00
0.30469	 9.697957e-01	 3.143276e+00	 3.330420e+00	 2.570544e+00	 1.715758e+00	 1.315968e+00	 1.077184e+00	 7.288025e-01	 4.823447e-01	 3.489833e-01	 3.060545e-01	 2.531195e-01	 1.410090e-01	 1.104073e-01	 7.150113e-02	 5.186883e-02	 3.326438e-02	 2.612266e-02	 1.496059e-02	 1.171483e-02	 1.090719e-02	 6.798954e-03	 3.295170e-03	 4.108267e-03	 3.168861e-03	 1.537315e-03	 9.801298e-04	 7.326757e-04	 6.840756e-04	 3.309678e-04	 2.316829e-04	 1.708092e-04	 5.849206e-05	 1.343056e-05	 2.171714e-05	 1.048001e-05	 3.793330e-06	 4.125142e-05	 1.193591e-05	 2.007874e-05	 5.354471e-06	 4.509966e-06	 1.933580e-06	 4.093736e-06	 2.467181e-06	 0.000000e+00	 0.000000e+00	 2.141127e-07	 4.070818e-07	 4.301058e-08	 1.993991e-07	 0.000000e+00	 0.000000e+00	 0.000000e+00	 0.000000e+00	 0.000000e+00	 0.000000e+00	 0.000000e+00	 0.000000e+00	 0.000000e+00	 0.000000e+00	 0.000000e+00	 0.000000e+00	 0.000000e+00
0.35156	 6.502734e-01	 1.860583e+00	 2.012543e+00	 1.822931e+00	 1.381179e+00	 1.040333e+00	 7.658272e-01	 5.306693e-01	 3.892937e-01	 3.282923e-01	 2.269445e-01	 2.280789e-01	 1.253697e-01	 7.710038e-02	 7.071747e-02	 4.753951e-02	 2.789032e-02	 2.290442e-02	 1.523706e-02	 5.265158e-03	 4.491434e-03	 4.430530e-03	 4.419112e-03	 2.913729e-03	 2.492227e-03	 2.123596e-03	 1.027878e-03	 6.885370e-04	 2.910814e-04	 4.137219e-04	 2.770090e-04	 1.802166e-04	 1.873705e-04	 8.477565e-05	 1.995767e-05	 1.232145e-05	 3.250663e-05	 2.814775e-05	 4.059924e-05	 9.614309e-05	 8.526306e-06	 1.598212e-06	 1.626711e-07	 1.856833e-06	 1.790076e-06	 1.058141e-07	 1.004935e-07	 0.000000e+00	 9.495603e-07	 1.133180e-06	 1.548601e-07	 0.000000e+00	 2.286627e-07	 8.194535e-08	 1.283064e-06	 1.095677e-06	 0.000000e+00	 0.000000e+00	 0.000000e+00	 0.000000e+00	 0.000000e+00	 0.000000e+00	 0.000000e+00	 0.000000e+00
0.39844	 4.529410e-01	 1.255844e+00	 1.303874e+00	 1.286941e+00	 9.223924e-01	 8.033558e-01	 5.105256e-01	 4.511968e-01	 3.672271e-01	 2.582022e-01	 1.882940e-01	 1.369857e-01	 1.173748e-01	 8.447594e-02	 6.172880e-02	 4.311124e-02	 3.089311e-02	 2.926675e-02	 1.762773e-02	 7.233905e-03	 6.178495e-03	 3.937046e-03	 2.691397e-03	 2.729859e-03	 1.966502e-03	 1.506566e-03	 2.097895e-03	 1.558061e-03	 7.867163e-04	 4.868905e-04	 1.503807e-04	 4.755468e-05	 3.706574e-05	 1.839458e-05	 1.980183e-04	 9.598054e-06	 1.981277e-04	 8.820549e-05	 1.187472e-04	 3.759088e-05	 2.141240e-05	 3.548138e-06	 1.367460e-06	 2.508399e-06	 7.328643e-06	 2.213442e-07	 0.000000e+00	 0.000000e+00	 0.000000e+00	 1.587063e-06	 4.585143e-07	 1.810177e-07	 6.669143e-07	 3.197479e-07	 1.100987e-06	 0.000000e+00	 0.000000e+00	 0.000000e+00	 0.000000e+00	 0.000000e+00	 0.000000e+00	 0.000000e+00	 0.000000e+00	 0.000000e+00
0.44531	 3.634039e-01	 6.818374e-01	 8.376915e-01	 7.788582e-01	 5.898144e-01	 5.328819e-01	 5.296287e-01	 3.557162e-01	 3.019191e-01	 1.909931e-01	 1.562722e-01	 1.078442e-01	 1.194064e-01	 7.110005e-02	 5.416479e-02	 3.239137e-02	 1.847897e-02	 1.967053e-02	 1.308712e-02	 7.959903e-03	 4.810824e-03	 6.598179e-03	 4.047127e-03	 1.855120e-03	 2.306096e-03	 1.411334e-03	 1.609391e-03	 7.760400e-04	 8.746224e-04	 5.494372e-04	 2.379355e-04	 1.967756e-04	 1.216194e-04	 9.416444e-05	 2.608062e-04	 1.917980e-04	 1.365901e-04	 1.928733e-04	 1.137324e-04	 1.279988e-05	 5.424203e-06	 2.510915e-06	 9.587065e-06	 9.460430e-06	 4.342477e-06	 2.372357e-06	 2.378553e-07	 1.678420e-06	 9.628835e-07	 1.199403e-06	 1.486454e-06	 9.080872e-07	 1.733141e-06	 1.109396e-06	 0.000000e+00	 0.000000e+00	 0.000000e+00	 0.000000e+00	 0.000000e+00	 0.000000e+00	 0.000000e+00	 0.000000e+00	 0.000000e+00	 0.000000e+00
0.49219	 2.159423e-01	 5.176645e-01	 7.551453e-01	 5.722041e-01	 4.175619e-01	 4.121638e-01	 3.409512e-01	 2.771379e-01	 2.542055e-01	 1.611548e-01	 1.132360e-01	 8.155092e-02	 6.669504e-02	 5.997776e-02	 3.917329e-02	 2.857135e-02	 2.390503e-02	 2.008513e-02	 1.388162e-02	 1.164595e-02	 5.543277e-03	 5.709993e-03	 3.388566e-03	 2.087725e-03	 1.955194e-03	 9.129384e-04	 6.756362e-04	 3.102399e-04	 5.079863e-04	 3.405259e-04	 1.032715e-04	 6.565034e-05	 1.169123e-04	 1.397623e-04	 8.241638e-05	 3.272381e-05	 3.554013e-05	 1.174027e-04	 4.731662e-05	 3.924741e-06	 9.412320e-07	 1.805007e-06	 4.530938e-06	 5.880394e-06	 2.060601e-06	 2.808343e-07	 2.355003e-07	 1.118922e-06	 0.000000e+00	 7.748107e-07	 1.427253e-06	 5.328648e-07	 0.000000e+00	 0.000000e+00	 0.000000e+00	 0.000000e+00	 0.000000e+00	 0.000000e+00	 0.000000e+00	 0.000000e+00	 0.000000e+00	 0.000000e+00	 0.000000e+00	 0.000000e+00
0.53906	 2.132598e-01	 4.081590e-01	 4.519223e-01	 3.487725e-01	 2.828307e-01	 2.908780e-01	 1.601051e-01	 1.728944e-01	 1.454826e-01	 1.346942e-01	 1.206073e-01	 7.540491e-02	 6.353086e-02	 5.187048e-02	 3.413168e-02	 2.984243e-02	 2.921796e-02	 1.515563e-02	 1.398420e-02	 6.595331e-03	 5.823895e-03	 5.493880e-03	 3.047771e-03	 2.808536e-03	 1.680755e-03	 1.448977e-03	 7.713082e-04	 3.690326e-04	 4.811386e-04	 4.649699e-04	 1.912472e-04	 1.433894e-04	 1.759229e-04	 1.051056e-04	 2.231867e-05	 1.926193e-05	 1.291959e-04	 7.719571e-05	 7.757794e-05	 2.004726e-05	 3.506918e-06	 1.374547e-06	 2.223719e-06	 4.943834e-07	 1.890849e-06	 8.757180e-07	 0.000000e+00	 0.000000e+00	 1.648934e-07	 8.212601e-07	 1.294618e-07	 2.854127e-07	 0.000000e+00	 0.000000e+00	 0.000000e+00	 0.000000e+00	 0.000000e+00	 0.000000e+00	 0.000000e+00	 0.000000e+00	 0.000000e+00	 0.000000e+00	 0.000000e+00	 0.000000e+00
0.58594	 1.073500e-01	 1.851035e-01	 2.029622e-01	 2.258345e-01	 2.350771e-01	 2.219766e-01	 1.667917e-01	 1.314297e-01	 9.477137e-02	 1.049427e-01	 1.021526e-01	 6.429970e-02	 4.436880e-02	 3.342343e-02	 2.468974e-02	 1.675607e-02	 1.920176e-02	 1.431627e-02	 1.304288e-02	 8.147748e-03	 6.236965e-03	 6.151450e-03	 4.103509e-03	 2.333455e-03	 1.222736e-03	 8.118968e-04	 5.104503e-04	 5.758129e-04	 4.259538e-04	 5.986177e-04	 1.355851e-04	 1.937793e-04	 1.427827e-04	 5.176856e-05	 1.603572e-04	 2.499657e-05	 5.739017e-05	 8.095178e-05	 7.756897e-05	 2.331162e-05	 1.945612e-05	 1.754769e-07	 1.052235e-06	 2.324009e-06	 4.257511e-06	 5.018535e-07	 0.000000e+00	 0.000000e+00	 0.000000e+00	 4.643200e-07	 0.000000e+00	 2.257751e-07	 5.046007e-07	 0.000000e+00	 0.000000e+00	 0.000000e+00	 0.000000e+00	 0.000000e+00	 0.000000e+00	 0.000000e+00	 0.000000e+00	 0.000000e+00	 0.000000e+00	 0.000000e+00
0.63281	 8.139024e-02	 1.642804e-01	 1.718692e-01	 1.935048e-01	 2.136783e-01	 1.622793e-01	 1.360659e-01	 1.113130e-01	 9.144505e-02	 8.112438e-02	 7.301351e-02	 4.858720e-02	 3.963873e-02	 2.944509e-02	 1.870924e-02	 1.765923e-02	 1.217231e-02	 1.469968e-02	 1.050008e-02	 9.574041e-03	 5.867226e-03	 4.701882e-03	 3.772047e-03	 2.067144e-03	 8.536056e-04	 1.550751e-03	 7.740307e-04	 5.602020e-04	 6.495799e-04	 2.287055e-04	 6.227714e-05	 7.528350e-05	 5.254646e-05	 2.427163e-05	 1.181735e-05	 2.894564e-05	 6.040488e-05	 4.506882e-05	 2.971366e-05	 6.780243e-06	 6.767193e-06	 3.453944e-06	 4.113013e-07	 1.896135e-06	 3.771564e-06	 1.688001e-06	 9.522880e-07	 6.062113e-07	 0.000000e+00	 0.000000e+00	 0.000000e+00	 0.000000e+00	 2.177096e-07	 0.000000e+00	 0.000000e+00	 0.000000e+00	 0.000000e+00	 0.000000e+00	 0.000000e+00	 0.000000e+00	 0.000000e+00	 0.000000e+00	 0.000000e+00	 0.000000e+00
0.67969	 2.925712e-02	 2.268435e-01	 2.287130e-01	 1.884861e-01	 1.509150e-01	 1.049911e-01	 1.243805e-01	 9.744817e-02	 7.697975e-02	 4.539727e-02	 3.972560e-02	 4.937168e-02	 4.289714e-02	 2.485832e-02	 1.650031e-02	 1.095765e-02	 9.994534e-03	 1.261336e-02	 5.133174e-03	 4.562340e-03	 5.363264e-03	 2.573689e-03	 2.669739e-03	 2.118954e-03	 1.743815e-03	 8.047774e-04	 4.232699e-04	 7.604247e-04	 3.031500e-04	 1.591795e-04	 1.397029e-04	 1.950389e-04	 5.361532e-05	 1.667709e-05	 2.443923e-05	 2.166418e-05	 2.049944e-05	 2.333281e-05	 4.309874e-05	 3.264840e-05	 1.207812e-05	 1.263455e-05	 2.416813e-06	 3.332265e-06	 3.235573e-06	 1.962821e-06	 2.072847e-06	 0.000000e+00	 0.000000e+00	 0.000000e+00	 0.000000e+00	 0.000000e+00	 0.000000e+00	 0.000000e+00	 0.000000e+00	 0.000000e+00	 0.000000e+00	 0.000000e+00	 0.000000e+00	 0.000000e+00	 0.000000e+00	 0.000000e+00	 0.000000e+00	 0.000000e+00
0.72656	 1.675920e-02	 7.085447e-02	 1.023131e-01	 1.037145e-01	 8.715203e-02	 1.039878e-01	 1.013725e-01	 8.934751e-02	 7.879291e-02	 4.800271e-02	 4.381203e-02	 3.204687e-02	 2.556909e-02	 1.735886e-02	 2.434724e-02	 1.369682e-02	 9.351382e-03	 7.619687e-03	 5.113820e-03	 4.600184e-03	 5.509964e-03	 3.493872e-03	 2.157918e-03	 1.767014e-03	 1.038366e-03	 8.941443e-04	 7.617609e-04	 5.901522e-04	 3.178244e-04	 9.931602e-05	 7.303569e-05	 1.665517e-04	 3.069751e-05	 4.742077e-06	 9.911642e-06	 6.879324e-06	 1.115885e-05	 1.910886e-05	 1.753055e-05	 9.839826e-06	 5.476677e-06	 3.375437e-06	 2.682821e-06	 7.081695e-07	 5.876679e-07	 3.713590e-06	 5.730339e-07	 0.000000e+00	 0.000000e+00	 0.000000e+00	 0.000000e+00	 0.000000e+00	 0.000000e+00	 0.000000e+00	 0.000000e+00	 0.000000e+00	 0.000000e+00	 0.000000e+00	 0.000000e+00	 0.000000e+00	 0.000000e+00	 0.000000e+00	 0.000000e+00	 0.000000e+00
0.77344	 8.341302e-03	 3.695388e-02	 5.749097e-02	 4.128874e-02	 6.179294e-02	 8.343435e-02	 7.645102e-02	 5.899478e-02	 5.459414e-02	 4.208067e-02	 3.656413e-02	 3.137176e-02	 1.574033e-02	 1.472970e-02	 1.784938e-02	 1.658829e-02	 7.044685e-03	 3.990313e-03	 3.860090e-03	 5.525942e-03	 3.300516e-03	 1.956171e-03	 1.204933e-03	 1.839296e-03	 8.931631e-04	 1.027782e-03	 4.862198e-04	 3.916389e-04	 2.930991e-04	 1.745862e-04	 6.585816e-05	 5.398077e-05	 1.090380e-05	 1.487915e-05	 6.217461e-06	 8.979945e-06	 1.199702e-05	 1.823889e-05	 8.471310e-06	 4.144433e-06	 4.672323e-06	 2.348243e-06	 1.346929e-06	 3.584262e-07	 2.812899e-07	 2.484067e-06	 3.614846e-06	 1.264675e-06	 7.034194e-07	 1.910594e-07	 0.000000e+00	 0.000000e+00	 0.000000e+00	 0.000000e+00	 0.000000e+00	 0.000000e+00	 0.000000e+00	 0.000000e+00	 0.000000e+00	 0.000000e+00	 0.000000e+00	 0.000000e+00	 0.000000e+00	 0.000000e+00
0.82031	 2.082326e-02	 2.509488e-02	 3.777365e-02	 2.390427e-02	 4.196235e-02	 4.281414e-02	 5.499776e-02	 3.746222e-02	 3.483402e-02	 4.403888e-02	 2.201131e-02	 2.345621e-02	 1.571116e-02	 1.396794e-02	 1.440466e-02	 1.204320e-02	 5.780366e-03	 1.992329e-03	 2.318467e-03	 2.263225e-03	 3.393258e-03	 1.484408e-03	 1.487086e-03	 2.112925e-03	 1.510938e-03	 7.696405e-04	 2.616544e-04	 4.070265e-04	 2.739873e-04	 2.402098e-04	 7.075790e-05	 7.331624e-05	 2.791842e-05	 9.265727e-06	 6.264636e-06	 1.456950e-05	 2.898655e-05	 1.106996e-05	 5.828529e-06	 2.819634e-06	 7.231355e-07	 9.720132e-07	 0.000000e+00	 8.523645e-08	 1.283183e-06	 5.373678e-07	 4.243385e-07	 1.183155e-06	 2.571640e-07	 0.000000e+00	 0.000000e+00	 0.000000e+00	 0.000000e+00	 0.000000e+00	 0.000000e+00	 0.000000e+00	 0.000000e+00	 0.000000e+00	 0.000000e+00	 0.000000e+00	 0.000000e+00	 0.000000e+00	 0.000000e+00	 0.000000e+00
0.86719	 3.612981e-02	 6.997150e-02	 2.234322e-02	 3.929020e-02	 2.294719e-02	 4.346933e-02	 3.070501e-02	 2.489395e-02	 2.431478e-02	 3.064706e-02	 2.753003e-02	 1.441428e-02	 7.240999e-03	 6.652038e-03	 6.794524e-03	 8.260098e-03	 6.819830e-03	 3.689514e-03	 1.304123e-03	 1.753907e-03	 1.066567e-03	 1.195410e-03	 8.962823e-04	 1.066526e-03	 5.014024e-04	 4.686897e-04	 2.540034e-04	 4.645087e-04	 4.046126e-04	 2.489544e-04	 1.381991e-04	 2.705915e-05	 5.109635e-05	 3.391614e-05	 5.014850e-06	 1.357045e-05	 2.852556e-05	 6.919345e-06	 4.005651e-08	 6.551119e-07	 1.168616e-06	 1.124679e-06	 1.175873e-06	 2.661204e-07	 2.038976e-06	 0.000000e+00	 4.129490e-07	 0.000000e+00	 0.000000e+00	 0.000000e+00	 0.000000e+00	 0.000000e+00	 0.000000e+00	 0.000000e+00	 0.000000e+00	 0.000000e+00	 0.000000e+00	 0.000000e+00	 0.000000e+00	 0.000000e+00	 0.000000e+00	 0.000000e+00	 0.000000e+00	 0.000000e+00
0.91406	 3.361875e-02	 3.420772e-02	 2.054865e-02	 3.250863e-02	 1.823334e-02	 2.564052e-02	 1.754778e-02	 1.689079e-02	 2.314414e-02	 1.562556e-02	 1.159484e-02	 1.284776e-02	 1.111448e-02	 5.120304e-03	 6.054985e-03	 4.748607e-03	 3.026370e-03	 2.426764e-03	 1.322431e-03	 3.066182e-03	 1.645756e-03	 1.169026e-03	 1.056119e-03	 1.406399e-03	 6.576250e-04	 3.135142e-04	 4.803480e-04	 5.665480e-04	 9.824861e-05	 1.616941e-04	 4.593359e-04	 7.515574e-05	 1.663795e-05	 2.245845e-05	 2.314407e-05	 3.633848e-05	 3.068542e-05	 5.116521e-06	 4.275898e-06	 3.675264e-06	 3.184935e-06	 9.302305e-07	 1.977871e-06	 1.655714e-06	 6.270279e-07	 2.152030e-07	 3.633607e-07	 0.000000e+00	 0.000000e+00	 0.000000e+00	 0.000000e+00	 0.000000e+00	 0.000000e+00	 0.000000e+00	 0.000000e+00	 0.000000e+00	 0.000000e+00	 0.000000e+00	 0.000000e+00	 0.000000e+00	 0.000000e+00	 0.000000e+00	 0.000000e+00	 0.000000e+00
0.96094	 1.777246e-04	 5.035958e-03	 1.613430e-02	 1.087416e-02	 1.098598e-02	 1.583615e-02	 1.277988e-02	 1.212466e-02	 1.828224e-02	 1.514529e-02	 1.435110e-02	 8.773893e-03	 4.746893e-03	 4.825505e-03	 2.457737e-03	 4.383923e-03	 5.228389e-03	 3.276784e-03	 1.431450e-03	 1.232205e-03	 6.947771e-04	 9.260044e-04	 5.849985e-04	 7.977690e-04	 1.157536e-03	 2.372086e-04	 2.439712e-04	 3.578541e-04	 1.684850e-04	 2.278872e-04	 1.575848e-04	 1.076023e-04	 9.734430e-05	 3.673367e-05	 4.818304e-05	 3.435896e-05	 1.042136e-05	 7.298077e-06	 8.578594e-06	 1.523133e-05	 2.114057e-05	 2.471268e-06	 1.674790e-06	 1.347328e-06	 3.285015e-07	 8.912419e-08	 5.873813e-07	 0.000000e+00	 0.000000e+00	 0.000000e+00	 0.000000e+00	 0.000000e+00	 0.000000e+00	 0.000000e+00	 0.000000e+00	 0.000000e+00	 0.000000e+00	 0.000000e+00	 0.000000e+00	 0.000000e+00	 0.000000e+00	 0.000000e+00	 0.000000e+00	 0.000000e+00
1.00781	 9.965671e-04	 1.166645e-02	 1.170776e-02	 2.172179e-02	 2.190359e-02	 1.746138e-02	 1.282163e-02	 1.554142e-02	 5.718213e-03	 8.753576e-03	 9.823634e-03	 4.407118e-03	 2.443823e-03	 4.140079e-03	 3.871720e-03	 4.380951e-03	 3.157250e-03	 3.314067e-03	 1.552565e-03	 1.096045e-03	 1.079403e-03	 1.062000e-03	 3.636059e-04	 7.382642e-04	 1.081940e-03	 2.317088e-04	 2.966234e-04	 1.663057e-04	 2.580754e-04	 1.554190e-04	 6.152785e-05	 7.729654e-05	 3.307883e-05	 9.414500e-05	 9.312949e-06	 7.499543e-06	 9.509459e-06	 9.789170e-06	 1.736664e-05	 1.861024e-05	 1.476251e-05	 1.796986e-06	 1.806915e-06	 8.609833e-07	 3.714530e-07	 2.908321e-07	 5.708612e-07	 9.012926e-07	 1.141070e-07	 3.852343e-07	 1.904135e-07	 0.000000e+00	 0.000000e+00	 0.000000e+00	 0.000000e+00	 0.000000e+00	 0.000000e+00	 0.000000e+00	 0.000000e+00	 0.000000e+00	 0.000000e+00	 0.000000e+00	 0.000000e+00	 0.000000e+00
1.05469	 2.486877e-03	 3.888774e-03	 2.394282e-02	 1.799204e-02	 1.303292e-02	 1.069885e-02	 9.494034e-03	 1.126616e-02	 6.209381e-03	 8.015005e-03	 1.073648e-02	 7.925954e-03	 3.438880e-03	 3.275398e-03	 5.937792e-03	 3.222487e-03	 2.316553e-03	 2.146132e-03	 1.487852e-03	 1.327116e-03	 6.696468e-04	 6.142494e-04	 3.972877e-04	 3.536602e-04	 3.068017e-04	 5.546422e-04	 1.890856e-04	 2.612125e-04	 2.575466e-04	 8.848317e-05	 4.243689e-05	 7.133898e-05	 5.220332e-05	 4.933297e-05	 1.045059e-06	 9.595320e-06	 1.125522e-05	 5.923461e-06	 4.371707e-06	 9.663077e-06	 3.511940e-06	 8.019666e-07	 2.056419e-06	 1.624395e-06	 2.851615e-06	 3.278754e-07	 0.000000e+00	 5.794598e-07	 2.584620e-07	 3.259509e-07	 6.261542e-08	 0.000000e+00	 0.000000e+00	 0.000000e+00	 0.000000e+00	 0.000000e+00	 0.000000e+00	 0.000000e+00	 0.000000e+00	 0.000000e+00	 0.000000e+00	 0.000000e+00	 0.000000e+00	 0.000000e+00
1.10156	 0.000000e+00	 1.302468e-02	 1.832788e-02	 9.002416e-03	 9.977148e-03	 1.045648e-02	 1.122597e-02	 6.961256e-03	 3.009721e-03	 3.646993e-03	 4.657277e-03	 6.145950e-03	 3.973598e-03	 5.088459e-04	 3.590884e-03	 2.942940e-03	 1.833488e-03	 2.334760e-03	 1.837200e-03	 1.645230e-03	 9.228883e-04	 2.232671e-04	 3.482039e-04	 2.196643e-04	 2.908161e-04	 1.494410e-04	 1.038514e-04	 4.159004e-05	 4.647279e-05	 1.209902e-04	 7.395950e-05	 8.103982e-05	 5.321057e-05	 2.415880e-05	 2.940996e-05	 8.281508e-06	 7.929331e-06	 1.935322e-05	 1.902971e-05	 1.085618e-06	 1.246830e-06	 7.114122e-07	 2.266589e-06	 1.538562e-06	 2.081234e-07	 4.434039e-08	 2.105750e-07	 1.148427e-06	 0.000000e+00	 0.000000e+00	 0.000000e+00	 0.000000e+00	 0.000000e+00	 0.000000e+00	 0.000000e+00	 0.000000e+00	 0.000000e+00	 0.000000e+00	 0.000000e+00	 0.000000e+00	 0.000000e+00	 0.000000e+00	 0.000000e+00	 0.000000e+00
1.14844	 3.510279e-06	 1.106889e-02	 5.737687e-03	 4.400428e-03	 2.583003e-03	 6.567293e-03	 6.592140e-03	 2.831730e-03	 1.221147e-02	 7.674874e-03	 4.500482e-03	 2.048192e-03	 6.295991e-03	 2.283158e-03	 3.915913e-03	 3.536961e-03	 2.218887e-03	 1.645283e-03	 1.073782e-03	 9.274597e-04	 3.390989e-04	 3.951635e-04	 1.709327e-04	 4.780692e-05	 1.638167e-04	 6.744665e-05	 4.465170e-05	 6.986706e-05	 2.779205e-05	 8.954846e-05	 2.030091e-05	 7.790647e-05	 3.140899e-05	 1.208686e-05	 9.788256e-06	 7.393656e-07	 1.827186e-07	 1.492224e-06	 2.363980e-06	 3.247877e-05	 1.036088e-05	 1.560922e-06	 8.782876e-07	 1.870742e-07	 6.136380e-07	 0.000000e+00	 3.237253e-07	 0.000000e+00	 0.000000e+00	 0.000000e+00	 0.000000e+00	 0.000000e+00	 0.000000e+00	 0.000000e+00	 0.000000e+00	 0.000000e+00	 0.000000e+00	 0.000000e+00	 0.000000e+00	 0.000000e+00	 0.000000e+00	 0.000000e+00	 0.000000e+00	 0.000000e+00
1.19531	 0.000000e+00	 1.771955e-04	 6.711808e-03	 2.602495e-03	 8.951621e-03	 2.539117e-03	 3.371017e-03	 3.278608e-03	 2.709894e-03	 3.022462e-03	 2.981489e-03	 3.050324e-03	 1.720422e-03	 5.556189e-03	 4.399596e-03	 2.370682e-03	 1.133826e-03	 1.818164e-03	 6.007160e-04	 7.088423e-04	 7.739614e-04	 4.882832e-04	 5.465777e-04	 3.110402e-04	 8.220178e-05	 7.257320e-05	 2.076168e-04	 1.569222e-04	 1.655409e-04	 2.494085e-05	 2.923347e-05	 2.430996e-05	 2.490920e-05	 4.496369e-05	 4.783575e-05	 1.277652e-05	 7.247660e-07	 3.268821e-07	 3.465634e-06	 2.132224e-06	 1.323810e-05	 1.526668e-05	 1.354293e-06	 1.158810e-06	 1.651984e-06	 3.674348e-07	 1.628380e-07	 0.000000e+00	 0.000000e+00	 0.000000e+00	 0.000000e+00	 0.000000e+00	 0.000000e+00	 0.000000e+00	 0.000000e+00	 0.000000e+00	 0.000000e+00	 0.000000e+00	 0.000000e+00	 0.000000e+00	 0.000000e+00	 0.000000e+00	 0.000000e+00	 0.000000e+00
1.24219	 0.000000e+00	 2.538075e-03	 8.809327e-03	 1.807421e-03	 3.553436e-03	 2.255133e-03	 8.420859e-04	 4.345137e-03	 1.933498e-03	 3.163966e-03	 2.415251e-03	 2.429766e-03	 2.852840e-03	 2.909668e-03	 1.612899e-03	 1.092730e-03	 5.412973e-04	 1.179070e-03	 4.383907e-04	 5.103006e-04	 2.873293e-04	 2.597563e-04	 1.551589e-04	 1.049802e-04	 1.374830e-04	 6.424952e-05	 3.609895e-04	 4.547956e-04	 1.237086e-04	 1.413831e-05	 9.389854e-06	 5.018494e-06	 4.393369e-06	 6.646009e-05	 1.807555e-07	 3.658438e-05	 1.743960e-05	 2.678706e-05	 2.479136e-06	 1.398762e-06	 1.793508e-05	 2.005225e-05	 2.004660e-06	 1.233036e-06	 1.192929e-06	 9.204511e-07	 9.713802e-08	 0.000000e+00	 0.000000e+00	 0.000000e+00	 0.000000e+00	 0.000000e+00	 0.000000e+00	 0.000000e+00	 0.000000e+00	 0.000000e+00	 0.000000e+00	 0.000000e+00	 0.000000e+00	 0.000000e+00	 0.000000e+00	 0.000000e+00	 0.000000e+00	 0.000000e+00
1.28906	 0.000000e+00	 2.793657e-05	 1.712382e-04	 1.188453e-03	 6.822524e-04	 1.349078e-03	 1.930549e-03	 2.565954e-03	 2.545646e-03	 1.012428e-03	 1.062861e-03	 8.437112e-04	 3.129102e-03	 2.716103e-03	 1.392349e-03	 1.445192e-03	 1.224710e-03	 1.146620e-03	 5.290461e-04	 6.438684e-04	 3.164349e-04	 2.893701e-04	 4.685885e-04	 2.345502e-04	 4.146610e-04	 5.262966e-05	 2.283076e-05	 1.142905e-04	 2.142271e-04	 9.584931e-06	 8.793255e-06	 6.890517e-06	 1.646049e-06	 3.872383e-05	 0.000000e+00	 0.000000e+00	 6.667996e-07	 4.254815e-07	 1.050762e-05	 1.465264e-05	 3.882896e-05	 1.307264e-07	 2.122540e-06	 1.728974e-06	 1.325062e-06	 8.805092e-07	 1.594771e-06	 0.000000e+00	 0.000000e+00	 0.000000e+00	 0.000000e+00	 0.000000e+00	 0.000000e+00	 0.000000e+00	 0.000000e+00	 0.000000e+00	 0.000000e+00	 0.000000e+00	 0.000000e+00	 0.000000e+00	 0.000000e+00	 0.000000e+00	 0.000000e+00	 0.000000e+00
1.33594	 0.000000e+00	 4.961045e-05	 1.533187e-03	 4.314204e-03	 1.953716e-03	 2.702014e-03	 2.454914e-03	 1.209853e-03	 1.432247e-03	 1.465919e-03	 8.951378e-04	 8.463710e-04	 3.528077e-03	 1.227634e-03	 1.053439e-03	 1.806821e-03	 1.393245e-03	 2.185530e-04	 3.608508e-04	 7.660404e-04	 5.821971e-04	 3.973507e-04	 1.423050e-04	 2.744823e-04	 1.100802e-04	 1.084216e-04	 6.612424e-05	 5.298124e-05	 6.866702e-05	 6.920890e-06	 1.578337e-05	 3.163771e-06	 1.151180e-05	 8.754813e-05	 6.028328e-06	 3.865771e-06	 1.798537e-06	 2.814631e-06	 2.012730e-06	 0.000000e+00	 8.485282e-07	 0.000000e+00	 0.000000e+00	 7.355154e-07	 6.380971e-07	 9.199601e-07	 5.014126e-07	 0.000000e+00	 0.000000e+00	 0.000000e+00	 0.000000e+00	 0.000000e+00	 0.000000e+00	 0.000000e+00	 0.000000e+00	 0.000000e+00	 0.000000e+00	 0.000000e+00	 0.000000e+00	 0.000000e+00	 0.000000e+00	 0.000000e+00	 0.000000e+00	 0.000000e+00
1.38281	 3.985261e-05	 1.355122e-05	 1.931194e-03	 6.742013e-04	 3.660705e-03	 1.803596e-03	 2.061761e-03	 2.228367e-03	 1.297635e-03	 1.078311e-03	 5.990021e-04	 1.158821e-03	 1.035666e-03	 7.423638e-04	 2.360876e-04	 1.198758e-03	 1.651751e-03	 3.271013e-04	 4.391705e-04	 1.146241e-04	 2.224030e-04	 3.909228e-04	 1.789652e-04	 3.036003e-04	 7.971325e-05	 6.711210e-05	 7.150469e-06	 6.790616e-05	 8.004941e-05	 1.202185e-04	 3.787500e-05	 1.190740e-04	 1.175917e-05	 1.043657e-05	 1.594330e-05	 4.831626e-06	 2.273428e-06	 1.344119e-06	 9.195758e-07	 1.991556e-07	 3.453264e-07	 1.841554e-06	 1.953487e-06	 8.249989e-07	 8.088264e-07	 1.574399e-06	 8.312974e-07	 0.000000e+00	 0.000000e+00	 0.000000e+00	 0.000000e+00	 0.000000e+00	 0.000000e+00	 0.000000e+00	 0.000000e+00	 0.000000e+00	 0.000000e+00	 0.000000e+00	 0.000000e+00	 0.000000e+00	 0.000000e+00	 0.000000e+00	 0.000000e+00	 0.000000e+00
1.42969	 1.149079e-04	 3.517804e-05	 1.079327e-04	 3.855505e-04	 9.781848e-04	 3.103119e-04	 1.852783e-04	 7.038698e-04	 1.512693e-03	 9.777278e-04	 4.320719e-04	 8.063408e-04	 6.417420e-04	 2.993545e-04	 6.264464e-04	 4.232232e-04	 9.703486e-04	 1.721591e-04	 5.576111e-04	 3.155913e-04	 1.766190e-04	 2.313799e-04	 1.854965e-04	 1.309798e-04	 1.159361e-04	 1.698156e-04	 1.228702e-04	 4.507108e-06	 2.569203e-06	 1.288009e-06	 2.700103e-06	 0.000000e+00	 3.218951e-06	 6.449436e-06	 3.181841e-06	 4.519876e-06	 2.375877e-06	 4.404659e-06	 1.156307e-06	 1.472629e-06	 3.288553e-06	 6.548297e-07	 1.056686e-06	 2.408166e-06	 0.000000e+00	 2.438543e-06	 4.792847e-07	 0.000000e+00	 0.000000e+00	 0.000000e+00	 0.000000e+00	 0.000000e+00	 0.000000e+00	 0.000000e+00	 0.000000e+00	 0.000000e+00	 0.000000e+00	 0.000000e+00	 0.000000e+00	 0.000000e+00	 0.000000e+00	 0.000000e+00	 0.000000e+00	 0.000000e+00
1.47656	 4.739665e-05	 3.776804e-05	 3.034196e-05	 6.178327e-04	 1.250760e-03	 4.868676e-04	 4.808516e-04	 1.157785e-03	 8.256146e-04	 1.141782e-03	 9.349572e-04	 5.393655e-04	 3.130946e-04	 5.204950e-04	 4.209514e-04	 1.558560e-04	 3.067151e-04	 4.556123e-04	 6.303931e-05	 1.583914e-04	 3.527829e-04	 4.797951e-04	 2.583051e-04	 3.411979e-04	 7.651509e-05	 3.037855e-05	 3.159502e-05	 1.183110e-06	 6.130075e-07	 8.600301e-06	 1.208973e-06	 0.000000e+00	 4.857383e-07	 7.391836e-07	 1.261521e-05	 5.194682e-06	 4.996596e-06	 2.267991e-06	 1.413920e-06	 0.000000e+00	 3.754972e-07	 2.764496e-06	 9.818358e-07	 1.009354e-06	 1.822860e-06	 1.225588e-06	 0.000000e+00	 0.000000e+00	 0.000000e+00	 0.000000e+00	 0.000000e+00	 0.000000e+00	 0.000000e+00	 0.000000e+00	 0.000000e+00	 0.000000e+00	 0.000000e+00	 0.000000e+00	 0.000000e+00	 0.000000e+00	 0.000000e+00	 0.000000e+00	 0.000000e+00	 0.000000e+00
1.52344	 9.415808e-06	 7.305608e-04	 4.775353e-04	 8.571217e-05	 1.184275e-04	 1.158155e-04	 5.234104e-04	 4.047064e-04	 5.554093e-04	 8.917430e-04	 5.453322e-04	 2.705976e-04	 2.748846e-04	 2.040222e-04	 4.001059e-04	 5.950439e-04	 1.095059e-04	 1.130650e-04	 6.940469e-05	 4.196405e-05	 6.072797e-05	 1.366757e-04	 1.694083e-04	 1.956880e-04	 4.726182e-05	 1.773093e-05	 5.494984e-05	 2.003381e-05	 3.356486e-07	 1.908149e-06	 3.287714e-06	 6.341310e-08	 3.983827e-07	 1.117870e-07	 1.588231e-07	 1.498098e-07	 0.000000e+00	 3.974935e-06	 1.142248e-05	 0.000000e+00	 1.429256e-06	 0.000000e+00	 0.000000e+00	 4.661418e-07	 2.201786e-07	 0.000000e+00	 0.000000e+00	 0.000000e+00	 0.000000e+00	 0.000000e+00	 0.000000e+00	 0.000000e+00	 0.000000e+00	 0.000000e+00	 0.000000e+00	 0.000000e+00	 0.000000e+00	 0.000000e+00	 0.000000e+00	 0.000000e+00	 0.000000e+00	 0.000000e+00	 0.000000e+00	 0.000000e+00
1.57031	 1.377699e-05	 3.456586e-04	 3.957047e-04	 7.847033e-07	 6.369048e-04	 3.649899e-04	 4.670817e-04	 2.468815e-04	 5.716571e-04	 2.566092e-04	 1.050646e-04	 3.260975e-04	 4.949391e-04	 3.622378e-04	 5.100110e-04	 7.331208e-04	 1.238855e-04	 1.177334e-05	 4.362204e-05	 2.669822e-05	 7.183677e-05	 4.177231e-05	 2.140804e-05	 1.850376e-04	 1.952861e-04	 2.609016e-05	 6.447747e-05	 4.105340e-05	 1.395586e-06	 1.477974e-06	 4.247980e-06	 4.120588e-06	 3.062893e-07	 0.000000e+00	 0.000000e+00	 1.929153e-07	 8.877778e-06	 8.724978e-07	 6.806727e-07	 4.506304e-07	 2.232718e-07	 0.000000e+00	 0.000000e+00	 2.730482e-07	 0.000000e+00	 0.000000e+00	 0.000000e+00	 0.000000e+00	 0.000000e+00	 0.000000e+00	 0.000000e+00	 0.000000e+00	 0.000000e+00	 0.000000e+00	 0.000000e+00	 0.000000e+00	 0.000000e+00	 0.000000e+00	 0.000000e+00	 0.000000e+00	 0.000000e+00	 0.000000e+00	 0.000000e+00	 0.000000e+00
1.61719	 0.000000e+00	 1.407159e-05	 6.644120e-04	 8.088077e-04	 1.098318e-04	 8.050392e-05	 1.277401e-04	 6.052014e-04	 4.461479e-04	 2.006092e-04	 1.508144e-04	 1.408924e-04	 3.328687e-04	 5.412144e-04	 4.163479e-04	 8.274563e-05	 7.324103e-05	 9.380159e-06	 3.923417e-05	 1.772379e-05	 1.485072e-05	 2.001944e-05	 2.951033e-05	 2.860284e-04	 6.643460e-05	 6.647960e-06	 6.410327e-05	 1.436058e-04	 1.511499e-06	 9.900211e-07	 1.014931e-06	 7.753376e-07	 1.985421e-06	 0.000000e+00	 2.768789e-07	 3.264156e-06	 5.923020e-06	 2.352868e-06	 1.958073e-06	 3.019496e-07	 0.000000e+00	 0.000000e+00	 1.079536e-07	 0.000000e+00	 0.000000e+00	 0.000000e+00	 0.000000e+00	 0.000000e+00	 0.000000e+00	 0.000000e+00	 0.000000e+00	 0.000000e+00	 0.000000e+00	 0.000000e+00	 0.000000e+00	 0.000000e+00	 0.000000e+00	 0.000000e+00	 0.000000e+00	 0.000000e+00	 0.000000e+00	 0.000000e+00	 0.000000e+00	 0.000000e+00
1.66406	 0.000000e+00	 2.487911e-03	 1.348895e-03	 0.000000e+00	 9.122234e-05	 3.930833e-06	 5.124819e-06	 5.069070e-04	 2.667521e-05	 5.670010e-05	 1.331193e-04	 1.414644e-04	 1.049497e-04	 1.645881e-04	 5.749451e-05	 3.761389e-05	 4.177655e-05	 9.925795e-05	 6.868920e-05	 5.457842e-06	 9.079718e-06	 6.907060e-06	 1.392746e-05	 3.838591e-05	 5.967701e-05	 4.930890e-06	 1.293002e-05	 3.261709e-05	 2.483185e-05	 3.488919e-06	 0.000000e+00	 0.000000e+00	 4.749898e-07	 6.078003e-06	 1.371875e-05	 5.115403e-06	 6.402369e-06	 0.000000e+00	 0.000000e+00	 0.000000e+00	 0.000000e+00	 0.000000e+00	 2.095678e-07	 0.000000e+00	 0.000000e+00	 0.000000e+00	 0.000000e+00	 0.000000e+00	 0.000000e+00	 0.000000e+00	 0.000000e+00	 0.000000e+00	 0.000000e+00	 0.000000e+00	 0.000000e+00	 0.000000e+00	 0.000000e+00	 0.000000e+00	 0.000000e+00	 0.000000e+00	 0.000000e+00	 0.000000e+00	 0.000000e+00	 0.000000e+00
1.71094	 0.000000e+00	 2.229974e-03	 1.301922e-03	 0.000000e+00	 1.738500e-04	 5.076022e-06	 6.750744e-06	 6.092702e-05	 4.946700e-05	 1.653217e-05	 9.096715e-05	 1.586705e-04	 3.017738e-04	 7.536177e-05	 9.811532e-05	 1.658148e-05	 1.498370e-05	 5.206662e-05	 4.633035e-06	 6.574738e-06	 5.860121e-06	 3.996584e-06	 1.169731e-05	 1.681973e-05	 4.339225e-05	 3.275708e-05	 1.283309e-04	 6.161116e-05	 3.272407e-05	 3.970293e-07	 2.937463e-07	 2.733230e-07	 3.321911e-06	 1.514235e-05	 6.510249e-06	 1.524082e-05	 1.356803e-05	 0.000000e+00	 0.000000e+00	 0.000000e+00	 0.000000e+00	 0.000000e+00	 1.517919e-07	 0.000000e+00	 0.000000e+00	 0.000000e+00	 0.000000e+00	 0.000000e+00	 0.000000e+00	 0.000000e+00	 0.000000e+00	 0.000000e+00	 0.000000e+00	 0.000000e+00	 0.000000e+00	 0.000000e+00	 0.000000e+00	 0.000000e+00	 0.000000e+00	 0.000000e+00	 0.000000e+00	 0.000000e+00	 0.000000e+00	 0.000000e+00
1.75781	 0.000000e+00	 1.336270e-04	 4.525989e-04	 7.073835e-04	 2.917221e-04	 8.131266e-07	 6.017039e-06	 3.167420e-06	 0.000000e+00	 8.901430e-05	 2.252053e-04	 1.541688e-04	 1.682149e-04	 2.991599e-05	 5.972148e-05	 4.044437e-05	 1.332791e-05	 1.168619e-05	 9.745025e-06	 1.950571e-05	 1.269338e-05	 1.085556e-05	 2.053676e-05	 1.428322e-05	 4.028738e-06	 9.925626e-06	 2.102378e-05	 2.533843e-06	 1.591629e-05	 1.378732e-05	 6.016381e-07	 1.121465e-05	 1.289898e-05	 3.710423e-05	 5.110985e-05	 4.147783e-06	 2.812538e-06	 0.000000e+00	 0.000000e+00	 0.000000e+00	 0.000000e+00	 0.000000e+00	 3.370467e-07	 0.000000e+00	 0.000000e+00	 0.000000e+00	 0.000000e+00	 0.000000e+00	 0.000000e+00	 0.000000e+00	 0.000000e+00	 0.000000e+00	 0.000000e+00	 0.000000e+00	 0.000000e+00	 0.000000e+00	 0.000000e+00	 0.000000e+00	 0.000000e+00	 0.000000e+00	 0.000000e+00	 0.000000e+00	 0.000000e+00	 0.000000e+00
1.80469	 0.000000e+00	 4.472978e-04	 2.846797e-04	 1.952230e-04	 1.955298e-04	 1.890066e-04	 4.352361e-06	 1.288708e-05	 2.179283e-06	 5.085416e-05	 3.357514e-05	 2.599295e-05	 4.647383e-05	 1.650435e-05	 9.591893e-05	 4.118632e-05	 4.082953e-05	 1.894105e-05	 1.334901e-05	 1.467848e-05	 1.412609e-05	 9.283220e-06	 3.097254e-05	 1.546988e-05	 1.752183e-05	 5.235483e-06	 3.260099e-05	 1.096047e-06	 4.954167e-05	 2.906187e-05	 5.493626e-05	 1.145886e-05	 1.400461e-05	 1.554289e-05	 1.197087e-05	 3.332148e-06	 0.000000e+00	 0.000000e+00	 0.000000e+00	 0.000000e+00	 4.204089e-07	 0.000000e+00	 4.626159e-08	 0.000000e+00	 0.000000e+00	 0.000000e+00	 0.000000e+00	 0.000000e+00	 0.000000e+00	 0.000000e+00	 0.000000e+00	 0.000000e+00	 0.000000e+00	 0.000000e+00	 0.000000e+00	 0.000000e+00	 0.000000e+00	 0.000000e+00	 0.000000e+00	 0.000000e+00	 0.000000e+00	 0.000000e+00	 0.000000e+00	 0.000000e+00
1.85156	 0.000000e+00	 0.000000e+00	 0.000000e+00	 1.422296e-04	 5.616217e-04	 2.855652e-04	 1.004317e-04	 1.144938e-05	 4.799672e-05	 1.748387e-05	 1.449818e-05	 5.086186e-05	 6.540332e-05	 3.870934e-05	 7.234043e-05	 8.540320e-06	 1.314049e-05	 2.508498e-05	 5.667235e-06	 1.730231e-06	 3.025293e-06	 3.637499e-06	 3.177387e-05	 1.120588e-05	 7.523449e-06	 1.187626e-05	 3.860807e-05	 3.026406e-06	 0.000000e+00	 1.920563e-05	 2.035039e-05	 0.000000e+00	 0.000000e+00	 1.217796e-05	 1.603138e-05	 1.558631e-05	 2.035011e-05	 0.000000e+00	 1.206622e-07	 1.211711e-07	 0.000000e+00	 3.124764e-07	 9.115360e-08	 0.000000e+00	 0.000000e+00	 0.000000e+00	 0.000000e+00	 0.000000e+00	 0.000000e+00	 0.000000e+00	 0.000000e+00	 0.000000e+00	 0.000000e+00	 0.000000e+00	 0.000000e+00	 0.000000e+00	 0.000000e+00	 0.000000e+00	 0.000000e+00	 0.000000e+00	 0.000000e+00	 0.000000e+00	 0.000000e+00	 0.000000e+00
1.89844	 0.000000e+00	 0.000000e+00	 0.000000e+00	 0.000000e+00	 6.113846e-06	 5.627540e-05	 1.654742e-04	 9.904991e-06	 0.000000e+00	 0.000000e+00	 1.059480e-06	 1.063011e-04	 1.113681e-05	 2.454041e-05	 7.828064e-05	 5.728580e-05	 6.705795e-06	 1.724146e-05	 1.929885e-05	 1.547864e-05	 1.383349e-05	 1.569285e-05	 1.002800e-05	 5.396941e-07	 2.019614e-07	 7.075798e-06	 2.541268e-05	 1.275958e-04	 2.375991e-05	 8.147658e-06	 0.000000e+00	 0.000000e+00	 0.000000e+00	 0.000000e+00	 1.096008e-05	 0.000000e+00	 0.000000e+00	 0.000000e+00	 0.000000e+00	 0.000000e+00	 0.000000e+00	 0.000000e+00	 0.000000e+00	 0.000000e+00	 0.000000e+00	 0.000000e+00	 0.000000e+00	 0.000000e+00	 0.000000e+00	 0.000000e+00	 0.000000e+00	 0.000000e+00	 0.000000e+00	 0.000000e+00	 0.000000e+00	 0.000000e+00	 0.000000e+00	 0.000000e+00	 0.000000e+00	 0.000000e+00	 0.000000e+00	 0.000000e+00	 0.000000e+00	 0.000000e+00
1.94531	 0.000000e+00	 0.000000e+00	 0.000000e+00	 0.000000e+00	 4.113535e-06	 1.940449e-06	 9.639282e-05	 0.000000e+00	 0.000000e+00	 0.000000e+00	 6.166015e-05	 5.499539e-07	 0.000000e+00	 7.680060e-05	 1.209015e-04	 2.713178e-05	 8.024809e-06	 3.797066e-05	 3.821637e-05	 1.722183e-05	 2.751289e-06	 0.000000e+00	 1.045353e-06	 7.694988e-08	 7.861248e-07	 6.367281e-07	 0.000000e+00	 3.036583e-07	 3.328943e-07	 0.000000e+00	 0.000000e+00	 0.000000e+00	 0.000000e+00	 3.141492e-06	 1.037215e-06	 0.000000e+00	 0.000000e+00	 0.000000e+00	 0.000000e+00	 0.000000e+00	 0.000000e+00	 0.000000e+00	 0.000000e+00	 0.000000e+00	 0.000000e+00	 0.000000e+00	 0.000000e+00	 0.000000e+00	 0.000000e+00	 0.000000e+00	 0.000000e+00	 0.000000e+00	 0.000000e+00	 0.000000e+00	 0.000000e+00	 0.000000e+00	 0.000000e+00	 0.000000e+00	 0.000000e+00	 0.000000e+00	 0.000000e+00	 0.000000e+00	 0.000000e+00	 0.000000e+00
1.99219	 0.000000e+00	 0.000000e+00	 0.000000e+00	 0.000000e+00	 0.000000e+00	 4.970081e-06	 1.108613e-04	 1.066383e-05	 1.985023e-05	 1.300547e-05	 6.534295e-05	 1.604250e-05	 1.002145e-04	 4.074174e-05	 6.308822e-05	 2.251778e-05	 1.045896e-05	 1.222919e-05	 4.386893e-06	 4.918909e-06	 2.628191e-06	 0.000000e+00	 0.000000e+00	 2.035611e-06	 2.811631e-07	 0.000000e+00	 0.000000e+00	 0.000000e+00	 0.000000e+00	 0.000000e+00	 0.000000e+00	 0.000000e+00	 0.000000e+00	 4.045409e-06	 3.014906e-07	 3.502228e-07	 1.315762e-07	 1.873854e-07	 6.545928e-07	 4.690751e-07	 0.000000e+00	 0.000000e+00	 0.000000e+00	 0.000000e+00	 0.000000e+00	 0.000000e+00	 0.000000e+00	 0.000000e+00	 0.000000e+00	 0.000000e+00	 0.000000e+00	 0.000000e+00	 0.000000e+00	 0.000000e+00	 0.000000e+00	 0.000000e+00	 0.000000e+00	 0.000000e+00	 0.000000e+00	 0.000000e+00	 0.000000e+00	 0.000000e+00	 0.000000e+00	 0.000000e+00
2.03906	 0.000000e+00	 0.000000e+00	 0.000000e+00	 0.000000e+00	 1.710279e-06	 3.193682e-06	 1.085983e-04	 1.681307e-05	 2.559766e-06	 2.954363e-05	 5.134251e-05	 2.749197e-04	 1.743396e-04	 3.749098e-05	 6.465851e-05	 6.226008e-05	 2.077408e-05	 8.884581e-06	 5.004648e-06	 0.000000e+00	 3.176195e-06	 3.301034e-07	 0.000000e+00	 9.988445e-07	 0.000000e+00	 0.000000e+00	 0.000000e+00	 0.000000e+00	 0.000000e+00	 0.000000e+00	 0.000000e+00	 0.000000e+00	 0.000000e+00	 5.158609e-06	 0.000000e+00	 0.000000e+00	 0.000000e+00	 0.000000e+00	 2.372190e-07	 2.626918e-07	 0.000000e+00	 0.000000e+00	 0.000000e+00	 0.000000e+00	 0.000000e+00	 0.000000e+00	 0.000000e+00	 0.000000e+00	 0.000000e+00	 0.000000e+00	 0.000000e+00	 0.000000e+00	 0.000000e+00	 0.000000e+00	 0.000000e+00	 0.000000e+00	 0.000000e+00	 0.000000e+00	 0.000000e+00	 0.000000e+00	 0.000000e+00	 0.000000e+00	 0.000000e+00	 0.000000e+00
2.08594	 0.000000e+00	 0.000000e+00	 0.000000e+00	 0.000000e+00	 0.000000e+00	 1.724998e-06	 6.117887e-05	 1.196714e-04	 6.635511e-05	 6.516644e-05	 1.149750e-04	 8.842948e-05	 5.173691e-06	 6.889966e-06	 4.700669e-06	 4.715105e-05	 0.000000e+00	 1.882968e-06	 1.685316e-06	 2.809977e-06	 1.082573e-06	 2.256074e-07	 0.000000e+00	 0.000000e+00	 0.000000e+00	 0.000000e+00	 0.000000e+00	 0.000000e+00	 0.000000e+00	 0.000000e+00	 0.000000e+00	 0.000000e+00	 0.000000e+00	 5.576641e-06	 0.000000e+00	 0.000000e+00	 0.000000e+00	 0.000000e+00	 1.626455e-07	 2.072421e-07	 0.000000e+00	 0.000000e+00	 0.000000e+00	 0.000000e+00	 0.000000e+00	 0.000000e+00	 0.000000e+00	 0.000000e+00	 0.000000e+00	 0.000000e+00	 0.000000e+00	 0.000000e+00	 0.000000e+00	 0.000000e+00	 0.000000e+00	 0.000000e+00	 0.000000e+00	 0.000000e+00	 0.000000e+00	 0.000000e+00	 0.000000e+00	 0.000000e+00	 0.000000e+00	 0.000000e+00
2.13281	 0.000000e+00	 0.000000e+00	 0.000000e+00	 0.000000e+00	 0.000000e+00	 0.000000e+00	 0.000000e+00	 7.182820e-06	 9.762924e-06	 7.264740e-06	 1.808927e-05	 4.516461e-05	 0.000000e+00	 0.000000e+00	 1.181785e-06	 3.295073e-05	 4.925862e-05	 1.280944e-05	 3.048760e-06	 2.073434e-06	 1.374642e-06	 0.000000e+00	 0.000000e+00	 0.000000e+00	 0.000000e+00	 0.000000e+00	 0.000000e+00	 0.000000e+00	 0.000000e+00	 0.000000e+00	 4.731977e-06	 7.521266e-06	 1.707514e-06	 7.436339e-06	 0.000000e+00	 0.000000e+00	 0.000000e+00	 0.000000e+00	 0.000000e+00	 0.000000e+00	 0.000000e+00	 0.000000e+00	 0.000000e+00	 0.000000e+00	 0.000000e+00	 0.000000e+00	 0.000000e+00	 0.000000e+00	 0.000000e+00	 0.000000e+00	 0.000000e+00	 0.000000e+00	 0.000000e+00	 0.000000e+00	 0.000000e+00	 0.000000e+00	 0.000000e+00	 0.000000e+00	 0.000000e+00	 0.000000e+00	 0.000000e+00	 0.000000e+00	 0.000000e+00	 0.000000e+00
2.17969	 0.000000e+00	 0.000000e+00	 0.000000e+00	 0.000000e+00	 0.000000e+00	 0.000000e+00	 0.000000e+00	 1.022300e-05	 1.451717e-06	 0.000000e+00	 0.000000e+00	 5.776121e-05	 0.000000e+00	 0.000000e+00	 3.652671e-05	 8.649285e-05	 1.130394e-05	 1.466961e-05	 5.330211e-06	 0.000000e+00	 0.000000e+00	 0.000000e+00	 0.000000e+00	 0.000000e+00	 0.000000e+00	 0.000000e+00	 0.000000e+00	 7.647460e-07	 1.096747e-07	 4.404033e-06	 5.417790e-06	 7.448789e-07	 0.000000e+00	 0.000000e+00	 0.000000e+00	 0.000000e+00	 0.000000e+00	 0.000000e+00	 0.000000e+00	 0.000000e+00	 0.000000e+00	 0.000000e+00	 0.000000e+00	 0.000000e+00	 0.000000e+00	 0.000000e+00	 0.000000e+00	 0.000000e+00	 0.000000e+00	 0.000000e+00	 0.000000e+00	 0.000000e+00	 0.000000e+00	 0.000000e+00	 0.000000e+00	 0.000000e+00	 0.000000e+00	 0.000000e+00	 0.000000e+00	 0.000000e+00	 0.000000e+00	 0.000000e+00	 0.000000e+00	 0.000000e+00
2.22656	 0.000000e+00	 0.000000e+00	 0.000000e+00	 0.000000e+00	 0.000000e+00	 0.000000e+00	 0.000000e+00	 0.000000e+00	 1.628378e-05	 4.661199e-06	 0.000000e+00	 8.040504e-07	 9.580220e-05	 3.207848e-05	 0.000000e+00	 0.000000e+00	 1.234227e-05	 1.648000e-06	 3.074254e-06	 3.621230e-06	 4.990615e-07	 2.743510e-07	 8.566121e-08	 0.000000e+00	 0.000000e+00	 0.000000e+00	 0.000000e+00	 4.136685e-07	 1.037765e-06	 2.105358e-06	 0.000000e+00	 0.000000e+00	 1.998363e-06	 1.737980e-06	 8.298596e-07	 0.000000e+00	 0.000000e+00	 0.000000e+00	 0.000000e+00	 0.000000e+00	 0.000000e+00	 0.000000e+00	 0.000000e+00	 0.000000e+00	 0.000000e+00	 0.000000e+00	 0.000000e+00	 0.000000e+00	 0.000000e+00	 0.000000e+00	 0.000000e+00	 0.000000e+00	 0.000000e+00	 0.000000e+00	 0.000000e+00	 0.000000e+00	 0.000000e+00	 0.000000e+00	 0.000000e+00	 0.000000e+00	 0.000000e+00	 0.000000e+00	 0.000000e+00	 0.000000e+00
2.27344	 0.000000e+00	 0.000000e+00	 1.096844e-05	 4.609962e-06	 2.703791e-06	 3.817102e-07	 0.000000e+00	 0.000000e+00	 0.000000e+00	 1.584911e-06	 8.910004e-06	 4.621744e-05	 1.208077e-05	 3.566702e-05	 1.638320e-06	 1.356799e-05	 5.518675e-05	 2.654569e-07	 2.681312e-07	 1.942318e-06	 4.311170e-06	 1.154181e-06	 8.481308e-08	 0.000000e+00	 0.000000e+00	 0.000000e+00	 0.000000e+00	 2.007414e-07	 3.123613e-06	 1.604983e-06	 2.385724e-06	 2.044067e-06	 0.000000e+00	 0.000000e+00	 0.000000e+00	 0.000000e+00	 0.000000e+00	 0.000000e+00	 0.000000e+00	 0.000000e+00	 0.000000e+00	 0.000000e+00	 0.000000e+00	 0.000000e+00	 0.000000e+00	 0.000000e+00	 0.000000e+00	 0.000000e+00	 0.000000e+00	 0.000000e+00	 0.000000e+00	 0.000000e+00	 0.000000e+00	 0.000000e+00	 0.000000e+00	 0.000000e+00	 0.000000e+00	 0.000000e+00	 0.000000e+00	 0.000000e+00	 0.000000e+00	 0.000000e+00	 0.000000e+00	 0.000000e+00
2.32031	 0.000000e+00	 0.000000e+00	 0.000000e+00	 0.000000e+00	 0.000000e+00	 3.194352e-06	 0.000000e+00	 0.000000e+00	 0.000000e+00	 0.000000e+00	 0.000000e+00	 5.201799e-06	 5.896711e-05	 2.503667e-05	 9.187873e-06	 1.817686e-05	 2.470253e-05	 0.000000e+00	 0.000000e+00	 0.000000e+00	 5.110219e-06	 3.897290e-06	 2.604834e-06	 0.000000e+00	 7.289968e-07	 0.000000e+00	 1.161119e-06	 1.075237e-06	 9.970265e-07	 1.250902e-06	 3.701700e-06	 1.759273e-06	 0.000000e+00	 0.000000e+00	 0.000000e+00	 0.000000e+00	 0.000000e+00	 0.000000e+00	 0.000000e+00	 0.000000e+00	 0.000000e+00	 0.000000e+00	 0.000000e+00	 0.000000e+00	 0.000000e+00	 0.000000e+00	 0.000000e+00	 0.000000e+00	 0.000000e+00	 0.000000e+00	 0.000000e+00	 0.000000e+00	 0.000000e+00	 0.000000e+00	 0.000000e+00	 0.000000e+00	 0.000000e+00	 0.000000e+00	 0.000000e+00	 0.000000e+00	 0.000000e+00	 0.000000e+00	 0.000000e+00	 0.000000e+00
2.36719	 0.000000e+00	 0.000000e+00	 0.000000e+00	 0.000000e+00	 0.000000e+00	 8.391163e-07	 1.463144e-06	 0.000000e+00	 0.000000e+00	 5.078812e-06	 1.799641e-06	 5.320068e-06	 2.413069e-06	 2.670706e-06	 0.000000e+00	 0.000000e+00	 0.000000e+00	 0.000000e+00	 0.000000e+00	 1.246866e-06	 2.302437e-06	 0.000000e+00	 0.000000e+00	 1.192258e-06	 1.102744e-06	 2.639920e-06	 9.016754e-07	 0.000000e+00	 0.000000e+00	 3.718666e-06	 0.000000e+00	 2.817456e-06	 0.000000e+00	 0.000000e+00	 0.000000e+00	 0.000000e+00	 0.000000e+00	 0.000000e+00	 0.000000e+00	 0.000000e+00	 0.000000e+00	 0.000000e+00	 0.000000e+00	 0.000000e+00	 0.000000e+00	 0.000000e+00	 0.000000e+00	 0.000000e+00	 0.000000e+00	 0.000000e+00	 0.000000e+00	 0.000000e+00	 0.000000e+00	 0.000000e+00	 0.000000e+00	 0.000000e+00	 0.000000e+00	 0.000000e+00	 0.000000e+00	 0.000000e+00	 0.000000e+00	 0.000000e+00	 0.000000e+00	 0.000000e+00
2.41406	 0.000000e+00	 0.000000e+00	 0.000000e+00	 0.000000e+00	 0.000000e+00	 0.000000e+00	 1.912755e-06	 6.865287e-07	 0.000000e+00	 1.713291e-06	 0.000000e+00	 0.000000e+00	 0.000000e+00	 0.000000e+00	 0.000000e+00	 0.000000e+00	 0.000000e+00	 0.000000e+00	 0.000000e+00	 0.000000e+00	 0.000000e+00	 0.000000e+00	 0.000000e+00	 0.000000e+00	 0.000000e+00	 0.000000e+00	 0.000000e+00	 0.000000e+00	 0.000000e+00	 4.625157e-06	 3.373836e-06	 1.563232e-06	 0.000000e+00	 0.000000e+00	 0.000000e+00	 0.000000e+00	 0.000000e+00	 0.000000e+00	 0.000000e+00	 0.000000e+00	 0.000000e+00	 0.000000e+00	 0.000000e+00	 0.000000e+00	 0.000000e+00	 0.000000e+00	 0.000000e+00	 0.000000e+00	 0.000000e+00	 0.000000e+00	 0.000000e+00	 0.000000e+00	 0.000000e+00	 0.000000e+00	 0.000000e+00	 0.000000e+00	 0.000000e+00	 0.000000e+00	 0.000000e+00	 0.000000e+00	 0.000000e+00	 0.000000e+00	 0.000000e+00	 0.000000e+00
2.46094	 0.000000e+00	 0.000000e+00	 0.000000e+00	 0.000000e+00	 0.000000e+00	 0.000000e+00	 0.000000e+00	 3.125760e-06	 8.841241e-07	 2.047911e-06	 0.000000e+00	 0.000000e+00	 0.000000e+00	 0.000000e+00	 0.000000e+00	 0.000000e+00	 0.000000e+00	 0.000000e+00	 0.000000e+00	 0.000000e+00	 0.000000e+00	 0.000000e+00	 0.000000e+00	 0.000000e+00	 0.000000e+00	 0.000000e+00	 0.000000e+00	 0.000000e+00	 0.000000e+00	 5.103498e-06	 4.985974e-07	 5.627591e-08	 0.000000e+00	 0.000000e+00	 0.000000e+00	 0.000000e+00	 0.000000e+00	 0.000000e+00	 0.000000e+00	 0.000000e+00	 0.000000e+00	 0.000000e+00	 0.000000e+00	 0.000000e+00	 0.000000e+00	 0.000000e+00	 0.000000e+00	 0.000000e+00	 0.000000e+00	 0.000000e+00	 0.000000e+00	 0.000000e+00	 0.000000e+00	 0.000000e+00	 0.000000e+00	 0.000000e+00	 0.000000e+00	 0.000000e+00	 0.000000e+00	 0.000000e+00	 0.000000e+00	 0.000000e+00	 0.000000e+00	 0.000000e+00
2.50781	 0.000000e+00	 0.000000e+00	 0.000000e+00	 0.000000e+00	 0.000000e+00	 0.000000e+00	 1.044344e-05	 2.832183e-06	 0.000000e+00	 0.000000e+00	 0.000000e+00	 0.000000e+00	 0.000000e+00	 0.000000e+00	 0.000000e+00	 0.000000e+00	 0.000000e+00	 0.000000e+00	 0.000000e+00	 0.000000e+00	 0.000000e+00	 0.000000e+00	 0.000000e+00	 0.000000e+00	 0.000000e+00	 0.000000e+00	 0.000000e+00	 0.000000e+00	 0.000000e+00	 0.000000e+00	 2.627059e-06	 0.000000e+00	 0.000000e+00	 0.000000e+00	 0.000000e+00	 0.000000e+00	 0.000000e+00	 0.000000e+00	 0.000000e+00	 0.000000e+00	 0.000000e+00	 0.000000e+00	 0.000000e+00	 0.000000e+00	 0.000000e+00	 0.000000e+00	 0.000000e+00	 0.000000e+00	 0.000000e+00	 0.000000e+00	 0.000000e+00	 0.000000e+00	 0.000000e+00	 0.000000e+00	 0.000000e+00	 0.000000e+00	 0.000000e+00	 0.000000e+00	 0.000000e+00	 0.000000e+00	 0.000000e+00	 0.000000e+00	 0.000000e+00	 0.000000e+00
2.55469	 0.000000e+00	 0.000000e+00	 0.000000e+00	 0.000000e+00	 0.000000e+00	 0.000000e+00	 0.000000e+00	 0.000000e+00	 0.000000e+00	 0.000000e+00	 0.000000e+00	 0.000000e+00	 0.000000e+00	 0.000000e+00	 0.000000e+00	 0.000000e+00	 0.000000e+00	 0.000000e+00	 0.000000e+00	 0.000000e+00	 0.000000e+00	 0.000000e+00	 0.000000e+00	 0.000000e+00	 0.000000e+00	 0.000000e+00	 0.000000e+00	 0.000000e+00	 0.000000e+00	 9.258629e-06	 1.182116e-06	 4.740197e-07	 0.000000e+00	 0.000000e+00	 0.000000e+00	 0.000000e+00	 0.000000e+00	 0.000000e+00	 0.000000e+00	 0.000000e+00	 0.000000e+00	 0.000000e+00	 0.000000e+00	 0.000000e+00	 0.000000e+00	 0.000000e+00	 0.000000e+00	 0.000000e+00	 0.000000e+00	 0.000000e+00	 0.000000e+00	 0.000000e+00	 0.000000e+00	 0.000000e+00	 0.000000e+00	 0.000000e+00	 0.000000e+00	 0.000000e+00	 0.000000e+00	 0.000000e+00	 0.000000e+00	 0.000000e+00	 0.000000e+00	 0.000000e+00
2.60156	 0.000000e+00	 0.000000e+00	 0.000000e+00	 0.000000e+00	 0.000000e+00	 0.000000e+00	 0.000000e+00	 0.000000e+00	 0.000000e+00	 0.000000e+00	 0.000000e+00	 0.000000e+00	 0.000000e+00	 0.000000e+00	 0.000000e+00	 0.000000e+00	 0.000000e+00	 0.000000e+00	 0.000000e+00	 0.000000e+00	 0.000000e+00	 0.000000e+00	 0.000000e+00	 0.000000e+00	 0.000000e+00	 0.000000e+00	 0.000000e+00	 0.000000e+00	 4.270991e-06	 4.808152e-07	 2.637437e-07	 1.479996e-06	 0.000000e+00	 0.000000e+00	 0.000000e+00	 0.000000e+00	 0.000000e+00	 0.000000e+00	 0.000000e+00	 0.000000e+00	 0.000000e+00	 0.000000e+00	 0.000000e+00	 0.000000e+00	 0.000000e+00	 0.000000e+00	 0.000000e+00	 0.000000e+00	 0.000000e+00	 0.000000e+00	 0.000000e+00	 0.000000e+00	 0.000000e+00	 0.000000e+00	 0.000000e+00	 0.000000e+00	 0.000000e+00	 0.000000e+00	 0.000000e+00	 0.000000e+00	 0.000000e+00	 0.000000e+00	 0.000000e+00	 0.000000e+00
2.64844	 0.000000e+00	 0.000000e+00	 0.000000e+00	 0.000000e+00	 0.000000e+00	 0.000000e+00	 0.000000e+00	 0.000000e+00	 0.000000e+00	 0.000000e+00	 0.000000e+00	 0.000000e+00	 0.000000e+00	 0.000000e+00	 0.000000e+00	 0.000000e+00	 0.000000e+00	 0.000000e+00	 0.000000e+00	 0.000000e+00	 0.000000e+00	 0.000000e+00	 0.000000e+00	 0.000000e+00	 0.000000e+00	 0.000000e+00	 0.000000e+00	 0.000000e+00	 2.484349e-06	 0.000000e+00	 5.354260e-07	 0.000000e+00	 0.000000e+00	 0.000000e+00	 0.000000e+00	 0.000000e+00	 0.000000e+00	 0.000000e+00	 0.000000e+00	 0.000000e+00	 0.000000e+00	 0.000000e+00	 0.000000e+00	 0.000000e+00	 0.000000e+00	 0.000000e+00	 0.000000e+00	 0.000000e+00	 0.000000e+00	 0.000000e+00	 0.000000e+00	 0.000000e+00	 0.000000e+00	 0.000000e+00	 0.000000e+00	 0.000000e+00	 0.000000e+00	 0.000000e+00	 0.000000e+00	 0.000000e+00	 0.000000e+00	 0.000000e+00	 0.000000e+00	 0.000000e+00
2.69531	 0.000000e+00	 0.000000e+00	 0.000000e+00	 0.000000e+00	 0.000000e+00	 0.000000e+00	 0.000000e+00	 0.000000e+00	 0.000000e+00	 0.000000e+00	 0.000000e+00	 0.000000e+00	 0.000000e+00	 0.000000e+00	 0.000000e+00	 0.000000e+00	 0.000000e+00	 0.000000e+00	 0.000000e+00	 0.000000e+00	 0.000000e+00	 0.000000e+00	 0.000000e+00	 0.000000e+00	 0.000000e+00	 0.000000e+00	 0.000000e+00	 0.000000e+00	 1.671527e-06	 2.711811e-06	 8.233853e-07	 0.000000e+00	 0.000000e+00	 0.000000e+00	 0.000000e+00	 0.000000e+00	 0.000000e+00	 0.000000e+00	 0.000000e+00	 0.000000e+00	 0.000000e+00	 0.000000e+00	 0.000000e+00	 0.000000e+00	 0.000000e+00	 0.000000e+00	 0.000000e+00	 0.000000e+00	 0.000000e+00	 0.000000e+00	 0.000000e+00	 0.000000e+00	 0.000000e+00	 0.000000e+00	 0.000000e+00	 0.000000e+00	 0.000000e+00	 0.000000e+00	 0.000000e+00	 0.000000e+00	 0.000000e+00	 0.000000e+00	 0.000000e+00	 0.000000e+00
2.74219	 0.000000e+00	 0.000000e+00	 0.000000e+00	 0.000000e+00	 0.000000e+00	 0.000000e+00	 0.000000e+00	 0.000000e+00	 0.000000e+00	 0.000000e+00	 0.000000e+00	 0.000000e+00	 0.000000e+00	 0.000000e+00	 0.000000e+00	 0.000000e+00	 0.000000e+00	 0.000000e+00	 0.000000e+00	 0.000000e+00	 0.000000e+00	 0.000000e+00	 0.000000e+00	 0.000000e+00	 0.000000e+00	 0.000000e+00	 0.000000e+00	 0.000000e+00	 0.000000e+00	 0.000000e+00	 0.000000e+00	 0.000000e+00	 0.000000e+00	 0.000000e+00	 0.000000e+00	 0.000000e+00	 0.000000e+00	 0.000000e+00	 0.000000e+00	 0.000000e+00	 0.000000e+00	 0.000000e+00	 0.000000e+00	 0.000000e+00	 0.000000e+00	 0.000000e+00	 0.000000e+00	 0.000000e+00	 0.000000e+00	 0.000000e+00	 0.000000e+00	 0.000000e+00	 0.000000e+00	 0.000000e+00	 0.000000e+00	 0.000000e+00	 0.000000e+00	 0.000000e+00	 0.000000e+00	 0.000000e+00	 0.000000e+00	 0.000000e+00	 0.000000e+00	 0.000000e+00
2.78906	 0.000000e+00	 0.000000e+00	 0.000000e+00	 0.000000e+00	 0.000000e+00	 0.000000e+00	 0.000000e+00	 0.000000e+00	 0.000000e+00	 0.000000e+00	 0.000000e+00	 0.000000e+00	 0.000000e+00	 0.000000e+00	 0.000000e+00	 0.000000e+00	 0.000000e+00	 0.000000e+00	 0.000000e+00	 0.000000e+00	 0.000000e+00	 0.000000e+00	 0.000000e+00	 0.000000e+00	 0.000000e+00	 0.000000e+00	 0.000000e+00	 0.000000e+00	 0.000000e+00	 0.000000e+00	 0.000000e+00	 0.000000e+00	 0.000000e+00	 0.000000e+00	 0.000000e+00	 0.000000e+00	 0.000000e+00	 0.000000e+00	 0.000000e+00	 0.000000e+00	 0.000000e+00	 0.000000e+00	 0.000000e+00	 0.000000e+00	 0.000000e+00	 0.000000e+00	 0.000000e+00	 0.000000e+00	 0.000000e+00	 0.000000e+00	 0.000000e+00	 0.000000e+00	 0.000000e+00	 0.000000e+00	 0.000000e+00	 0.000000e+00	 0.000000e+00	 0.000000e+00	 0.000000e+00	 0.000000e+00	 0.000000e+00	 0.000000e+00	 0.000000e+00	 0.000000e+00
2.83594	 0.000000e+00	 0.000000e+00	 0.000000e+00	 0.000000e+00	 0.000000e+00	 0.000000e+00	 0.000000e+00	 0.000000e+00	 0.000000e+00	 0.000000e+00	 0.000000e+00	 0.000000e+00	 0.000000e+00	 0.000000e+00	 0.000000e+00	 0.000000e+00	 0.000000e+00	 0.000000e+00	 0.000000e+00	 0.000000e+00	 0.000000e+00	 0.000000e+00	 0.000000e+00	 0.000000e+00	 0.000000e+00	 0.000000e+00	 0.000000e+00	 0.000000e+00	 0.000000e+00	 0.000000e+00	 0.000000e+00	 0.000000e+00	 0.000000e+00	 0.000000e+00	 0.000000e+00	 0.000000e+00	 0.000000e+00	 0.000000e+00	 0.000000e+00	 0.000000e+00	 0.000000e+00	 0.000000e+00	 0.000000e+00	 0.000000e+00	 0.000000e+00	 0.000000e+00	 0.000000e+00	 0.000000e+00	 0.000000e+00	 0.000000e+00	 0.000000e+00	 0.000000e+00	 0.000000e+00	 0.000000e+00	 0.000000e+00	 0.000000e+00	 0.000000e+00	 0.000000e+00	 0.000000e+00	 0.000000e+00	 0.000000e+00	 0.000000e+00	 0.000000e+00	 0.000000e+00
2.88281	 0.000000e+00	 0.000000e+00	 0.000000e+00	 0.000000e+00	 0.000000e+00	 0.000000e+00	 0.000000e+00	 0.000000e+00	 0.000000e+00	 0.000000e+00	 0.000000e+00	 0.000000e+00	 0.000000e+00	 0.000000e+00	 0.000000e+00	 0.000000e+00	 0.000000e+00	 0.000000e+00	 0.000000e+00	 0.000000e+00	 0.000000e+00	 0.000000e+00	 0.000000e+00	 0.000000e+00	 0.000000e+00	 0.000000e+00	 0.000000e+00	 0.000000e+00	 0.000000e+00	 0.000000e+00	 0.000000e+00	 0.000000e+00	 0.000000e+00	 0.000000e+00	 0.000000e+00	 0.000000e+00	 0.000000e+00	 0.000000e+00	 0.000000e+00	 0.000000e+00	 0.000000e+00	 0.000000e+00	 0.000000e+00	 0.000000e+00	 0.000000e+00	 0.000000e+00	 0.000000e+00	 0.000000e+00	 0.000000e+00	 0.000000e+00	 0.000000e+00	 0.000000e+00	 0.000000e+00	 0.000000e+00	 0.000000e+00	 0.000000e+00	 0.000000e+00	 0.000000e+00	 0.000000e+00	 0.000000e+00	 0.000000e+00	 0.000000e+00	 0.000000e+00	 0.000000e+00
2.92969	 0.000000e+00	 0.000000e+00	 0.000000e+00	 0.000000e+00	 0.000000e+00	 0.000000e+00	 0.000000e+00	 0.000000e+00	 0.000000e+00	 0.000000e+00	 0.000000e+00	 0.000000e+00	 0.000000e+00	 0.000000e+00	 0.000000e+00	 0.000000e+00	 0.000000e+00	 0.000000e+00	 0.000000e+00	 0.000000e+00	 0.000000e+00	 0.000000e+00	 0.000000e+00	 0.000000e+00	 0.000000e+00	 0.000000e+00	 0.000000e+00	 0.000000e+00	 0.000000e+00	 0.000000e+00	 0.000000e+00	 0.000000e+00	 0.000000e+00	 0.000000e+00	 0.000000e+00	 0.000000e+00	 0.000000e+00	 0.000000e+00	 0.000000e+00	 0.000000e+00	 0.000000e+00	 0.000000e+00	 0.000000e+00	 0.000000e+00	 0.000000e+00	 0.000000e+00	 0.000000e+00	 0.000000e+00	 0.000000e+00	 0.000000e+00	 0.000000e+00	 0.000000e+00	 0.000000e+00	 0.000000e+00	 0.000000e+00	 0.000000e+00	 0.000000e+00	 0.000000e+00	 0.000000e+00	 0.000000e+00	 0.000000e+00	 0.000000e+00	 0.000000e+00	 0.000000e+00
2.97656	 0.000000e+00	 0.000000e+00	 0.000000e+00	 0.000000e+00	 0.000000e+00	 0.000000e+00	 0.000000e+00	 0.000000e+00	 0.000000e+00	 0.000000e+00	 0.000000e+00	 0.000000e+00	 0.000000e+00	 0.000000e+00	 0.000000e+00	 0.000000e+00	 0.000000e+00	 0.000000e+00	 0.000000e+00	 0.000000e+00	 0.000000e+00	 0.000000e+00	 0.000000e+00	 0.000000e+00	 0.000000e+00	 0.000000e+00	 0.000000e+00	 0.000000e+00	 0.000000e+00	 0.000000e+00	 0.000000e+00	 0.000000e+00	 0.000000e+00	 0.000000e+00	 0.000000e+00	 0.000000e+00	 0.000000e+00	 0.000000e+00	 0.000000e+00	 0.000000e+00	 0.000000e+00	 0.000000e+00	 0.000000e+00	 0.000000e+00	 0.000000e+00	 0.000000e+00	 0.000000e+00	 0.000000e+00	 0.000000e+00	 0.000000e+00	 0.000000e+00	 0.000000e+00	 0.000000e+00	 0.000000e+00	 0.000000e+00	 0.000000e+00	 0.000000e+00	 0.000000e+00	 0.000000e+00	 0.000000e+00	 0.000000e+00	 0.000000e+00	 0.000000e+00	 0.000000e+00
